242,22,1704,0.0619455364724484,
242,1704,22,14.3460380931986009,
483,28,1704,2541.6552329214759993,
483,1704,28,0.0003684217421346,
2450,160,9,0.0013599978241141,
2450,9,160,728.0787237377869587,
2735,9,1045,9820.3452298500997131,
2735,1045,9,0.0000983178886362,
1876,1216,9,0.0369913040666757,
1876,9,1216,26.7352130293749077,
3058,1966,2672,451.7235008170401898,
3058,2672,1966,0.0021934241816902,
3062,1042,1966,73.3112553513625329,
3062,1966,1042,0.0134687484009453,
385,9,3775,36778.9353564941848163,
385,3775,9,0.0000224392295729,
822,776,9,0.0001095366610409,
822,9,776,9039.8808405624749867,
279,2566,9,0.1144960826995694,
279,9,2566,8.6807504069331642,
3958,606,22,0.9803085405537001,
3958,606,12,0.9803085404000000,
3958,606,15,0.9803085404000000,
3958,22,606,0.9983650507442076,
3958,22,12,0.9996576278482718,
3958,22,15,0.9992932594777909,
3958,22,606,0.9983650507442076,
3958,12,606,0.9984060000000000,
3958,12,22,0.9997423705792954,
3958,12,15,0.9993356144000000,
3958,12,606,0.9984060000000000,
3958,15,606,0.9987708537315940,
3958,15,22,1.0001068976101066,
3958,15,12,1.0000645098766754,
3958,15,606,0.9987708537315940,
3958,606,22,0.9803085405537001,
3958,606,12,0.9803085404000000,
3958,606,15,0.9803085404000000,
2440,272,15,0.2108134492559550,
2440,15,272,4.6724519183583322,
2498,1116,9,0.0000045986607112,
2498,9,1116,207353.2935121216287371,
2646,106,9,0.0001522705425010,
2646,9,106,6511.3211112529006641,
2059,92,9,0.5990221370252655,
2059,9,92,1.6588524346093292,
3143,12,1966,0.4384266373551592,
3143,1966,12,2.2337882969429015,
1019,2150,9,0.0136370019451176,
1019,9,2150,71.7613548491335109,
2428,297,9,0.0000286288576621,
2428,9,297,34128.2981653684983030,
516,2462,9,0.0007359612070953,
516,9,2462,1327.2880767951533016,
2992,1966,12205,0.9222560879425625,
2992,12205,1966,1.0182864963908700,
504,1524,9,0.0412646588167357,
504,9,1524,23.0098295517183509,
2668,326,9,0.0001443621053352,
2668,9,326,6846.2155298681045679,
2684,400,15,73.7475629008620359,
2684,15,400,0.0133441578193483,
490,336,9,0.0004591249497952,
490,9,336,2150.5722070451256513,
2795,19,12,0.9527961864838372,
2795,12,19,0.9586072610706866,
2998,1966,12226,0.5062875634995846,
2998,12226,1966,1.6146849035520063,
596,968,9,0.0002759299865016,
596,9,968,3499.3654824011587152,
1809,9,317,26.1950104772552947,
1809,317,9,0.0371354063564848,
2078,12,15,0.9997819968000000,
2078,15,12,0.9992166563821094,
2717,9,573,32740.6010775093855045,
2717,573,9,0.0000294296727922,
1939,9,527,7994.3584756129494053,
1939,527,9,0.0001199963923703,
3211,7392,22,0.0108755210044483,
3211,22,7392,91.3203049791639216,
3012,1966,1236,126.7996185403458611,
3012,1236,1966,0.0067038488290964,
1369,11242,9,0.0227653631137282,
1369,9,11242,37.2230981824423353,
261,12238,9,0.0015744739824688,
261,9,12238,630.7616966809234782,
221,12048,9,0.0003219762305207,
221,9,12048,2988.0527093861351204,
25,4852,15,0.9996324174318227,
25,15,4852,1.0001666543452821,
2932,12,29476,0.9934369448777197,
2932,29476,12,1.0066064120000000,
1053,28,345,4458.3093939352247617,
1053,345,28,0.0002220228140144,
2688,460,9,0.0258489400693005,
2688,9,460,37.9799039830635863,
3072,1966,450,0.0678481213212668,
3072,450,1966,14.4397288517052438,
2323,665,9,0.0001296189024309,
2323,9,665,7465.2968519283031128,
2841,326,15,0.4066888798038090,
2841,15,326,1.9601595328543029,
3184,1966,28,0.0000563140656156,
3184,28,1966,17685.3907931367393758,
84,198,9,0.0006925357294416,
84,9,198,1405.0228155774134393,
947,1064,9,0.0014226456764473,
947,9,1064,666.7862571023922555,
2708,626,12,4.1465304006028392,
2708,12,626,0.2356298650361595,
692,30,9,0.0009092864211761,
692,9,30,1092.0450853956560877,
1872,160,9,0.0013555644575040,
1872,9,160,731.8907981520378598,
2643,9,89,17842.5000076899996202,
2643,89,9,0.0000556196604313,
2659,192,9,0.0003379110952402,
2659,9,192,2929.6659711252636953,
2699,556,9,0.0000298317030510,
2699,9,556,32777.5074934164294973,
848,12,9,0.0003278434860145,
848,9,12,3031.6352739612075311,
2089,28,1285,0.9905144679155042,
2089,1285,28,0.9873236915701159,
1953,336,9,0.0004598033276729,
1953,9,336,2161.5038264717927632,
2736,1220,9,0.0002366748490763,
2736,9,1220,4086.7863652824312339,
2798,326,12,0.4316956676121032,
2798,12,326,2.1348630636749180,
52,516,9,0.0000308400865185,
52,9,516,31844.6107426801863767,
1305,9,12530,25025.8236158701583918,
1305,12530,9,0.0000388200824688,
753,76,9,0.0045458650161588,
753,9,76,216.0215362430638777,
755,1524,9,0.0423494850936276,
755,9,1524,23.0878090155748943,
2550,1764,312,50451129.6508933305740356,
2550,312,1764,0.0000000196641144,
2709,564,9,0.0000438202289020,
2709,9,564,22088.4287091060214152,
1602,9,2415,512.8578752128270253,
1602,2415,9,0.0018868423135959,
30,9,3151,1282407.4581611750181764,
30,3151,9,0.0000006786471368,
839,9,133,2920.9440702286710803,
839,133,9,0.0003310253755709,
925,3220,9,0.0136765027246413,
925,9,3220,71.2803461850643174,
217,9,495,12022.2486823271738103,
217,495,9,0.0000794115934288,
733,2782,9,0.1344897956836048,
733,9,2782,7.2694235848079325,
904,36,9,0.0030712890102451,
904,9,36,319.2566374407620060,
1317,198,9,0.0006978572704634,
1317,9,198,1420.9675762719521117,
2783,9,1571,25863.7687163320515538,
2783,1571,9,0.0000371598974951,
589,634,9,0.0003780283174649,
589,9,634,2591.5194278755693631,
2737,668,9,0.0005385307856574,
2737,9,668,1777.3315003104614789,
230,13544,9,0.0062240249656379,
230,9,13544,133.5365386613767953,
430,10,9,0.0003272839933205,
430,9,10,3036.0179829810663250,
1198,634,9,0.0003804905938255,
1198,9,634,2594.2989039810195209,
2294,9,1211,4436.7391191058532058,
2294,1211,9,0.0002162006222662,
623,1364,9,0.0016319367592300,
623,9,1364,581.5996799751773096,
837,1486,9,0.0003214364529151,
837,9,1486,2955.3291643582956567,
2764,1758,9,0.0013095307032764,
2764,9,1758,713.1523963305812686,
1702,12530,15,0.1195049852316933,
1702,15,12530,8.3151499459528928,
1860,49,15,0.9995959324239451,
1860,15,49,0.9993128995187572,
1875,1758,9,0.0012954818314477,
1875,9,1758,704.3590248512583685,
682,96,12,6.3451570115307909,
682,12,96,0.1543971315085477,
3136,1966,2566,0.0064205290380860,
3136,2566,1966,149.3358017606523447,
2732,9,1057,497.4792074736159293,
2732,1057,9,0.0019473866316172,
557,3414,12,0.6926207680005633,
557,12,3414,0.0035879473912000,
1152,978,12,0.0001130196832475,
1152,12,978,7735.1877849077200153,
65,1486,9,0.0003233651245083,
65,9,1486,2954.9506732084942087,
1307,9,203,3399.0654374806172200,
1307,203,9,0.0002706689018115,
1959,232,9,0.0560124676367518,
1959,9,232,17.7037849542505725,
1821,9,2775,214.8582666278455235,
1821,2775,9,0.0045986727514948,
899,2710,9,0.0000042398218854,
899,9,2710,229983.5638643759593833,
1596,22,12205,0.3962991142565142,
1596,12205,22,2.2322365192393150,
1796,1542,9,0.0002860411779481,
1796,9,1542,3248.5910182442785299,
143,22,12,0.9998827754796370,
143,12,22,0.9999172171485041,
579,3614,15,0.2407519474064436,
579,15,3614,4.0997874739387701,
2419,2108,12,87.1902665332394662,
2419,12,2108,0.0100103695098045,
105,9,3075,336152.4519563064677641,
105,3075,9,0.0000026106073285,
2331,1066,9,0.0001120466047760,
2331,9,1066,8624.4134448503646126,
340,854,9,0.0482845771445730,
340,9,854,20.2554753550251974,
2320,1512,9,0.0077082416605145,
2320,9,1512,122.7923887483686514,
2460,2710,9,0.0000040978799107,
2460,9,2710,218634.0602997692476492,
2683,416,9,0.0764829855147267,
2683,9,416,12.8674565489296757,
2810,9,2415,494.5990006938818055,
2810,2415,9,0.0018352961380977,
696,2848,22,0.0219105102803874,
696,22,2848,45.5064555866416711,
214,9,15,2932.8921325995811458,
214,15,9,0.0003125243553911,
3171,1966,5496,1.2053183580761369,
3171,5496,1966,0.8084304264615710,
1438,12156,9,0.0094973815865191,
1438,9,12156,104.4302743858936111,
826,96,9,0.0020776858696899,
826,9,96,466.9057002500827025,
2723,702,9,0.0000819268661012,
2723,9,702,11883.1274009837361518,
2461,36,9,0.0030793470928253,
2461,9,36,322.6171880158831868,
2731,9,527,8051.1797016122591231,
2731,527,9,0.0001203048216487,
168,518,9,6.1769624147152165,
168,9,518,0.1594028356632637,
3001,1966,82,0.2848728167919274,
3001,82,1966,3.4687092271217570,
2363,3220,9,0.0129683202070166,
2363,9,3220,66.8881649010517521,
1463,12302,9,0.0000013612136976,
1463,9,12302,729005.5802566771162674,
923,2244,9,0.0003464756811445,
923,9,2244,2142.6203458247355229,
935,1042,9,0.0541736381037155,
935,9,1042,18.3335746474498507,
180,12048,15,0.9993125207229290,
180,15,12048,0.9992943712024468,
1782,430,9,0.0001614753455397,
1782,9,430,6071.2071186215625858,
824,4020,9,0.0008094227049674,
824,9,4020,1225.7540556368194302,
835,2040,9,0.0005241488938225,
835,9,2040,1775.7636690183067003,
102,1966,9,0.0007023086047968,
102,9,1966,1305.7783501758938201,
2333,9,513,567.4927621547984700,
2333,513,9,0.0017286593384899,
167,2970,9,0.0011574238133311,
167,9,2970,768.5444657627832612,
303,28,1285,0.9657833399760861,
303,1285,28,0.9694433879344786,
1264,13544,9,0.0066160724276699,
1264,9,13544,148.0724615866787985,
2410,9,495,12131.9375343155570590,
2410,495,9,0.0000789824346779,
1679,7392,15,0.0108862320413025,
1679,15,7392,91.2196976350725777,
1640,9,2393,2731.6858847482330930,
1640,2393,9,0.0003458833967266,
2057,124,9,0.0009556904218047,
2057,9,124,980.5640970093343185,
3099,1966,22,2.2366180792723585,
3099,22,1966,0.4378549822511731,
3137,1966,1057,0.3635816636778758,
3137,1057,1966,2.6634077856570215,
987,2782,9,0.1342046879946264,
987,9,2782,7.3725017743516696,
2063,22,10,1.0008295412200312,
2063,10,22,0.9981702942478419,
1670,12224,9,0.0007235070095332,
1670,9,12224,1371.8845003473231827,
1122,978,9,0.0000000393254538,
1122,9,978,24603442.5180190168321133,
2645,124,9,0.0009892738540026,
2645,9,124,1002.1497672177324603,
2757,1174,9,0.0009417935813370,
2757,9,1174,1004.3163893592590057,
188,2150,9,0.0137270819173218,
188,9,2150,72.3602784585688568,
731,2332,9,0.0036764835271382,
731,9,2332,257.2174101510102560,
2969,1966,3414,1.2455239995636778,
2969,3414,1966,0.7948931859935742,
2971,1966,6404,0.4712567528544781,
2971,6404,1966,2.0236145025846595,
1112,772,9,0.0024933256918168,
1112,9,772,392.3336753134080368,
2812,22,426,4.2660930464611670,
2812,426,22,0.2120693329226971,
680,12156,9,0.0093793075161624,
680,9,12156,104.3682929274855695,
10,1144,9,0.0002314157688313,
10,9,1144,4161.1128081104188823,
129,9,879,1934.2143710899397320,
129,879,9,0.0005021870549582,
252,1522,9,0.0035762077155867,
252,9,1522,267.1245601889540922,
1068,160,9,0.0013337895902896,
1068,9,160,705.4831641279032510,
797,36,9,0.0029318391414729,
797,9,36,306.8081884569277804,
1841,9,1625,4162.1346601588447811,
1841,1625,9,0.0002364681723552,
1118,1066,9,0.0001050326707986,
1118,9,1066,8164.0547912587198880,
1103,9,527,7945.0199410890818399,
1103,527,9,0.0001186841420813,
118,9,879,1957.2892312796525403,
118,879,9,0.0004997717868778,
2950,1966,8760,104.3782019983985379,
2950,8760,1966,0.0090653991161583,
3027,1966,23964,0.1837023417772570,
3027,23964,1966,4.3814959006188596,
3088,336,1966,0.6209194416790553,
3088,1966,336,1.5939601866897846,
1691,12580,15,0.3811090499876733,
1691,15,12580,2.5540557282005683,
686,634,9,0.0003792421635792,
686,9,634,2571.4262288200557123,
2534,36,9,0.0029046093183113,
2534,9,36,299.1568279970933304,
2745,988,9,0.0000200913647024,
2745,9,988,47780.8174617258628132,
2704,688,9,0.0003451007241995,
2704,9,688,2839.0345224322031754,
619,2150,9,0.0137094481086114,
619,9,2150,71.2481621327345920,
2940,1966,879,1.4466093173482137,
2940,879,1966,0.6835799016907511,
3105,1966,826,5.1410997207983415,
3105,826,1966,0.1774027998977493,
2416,606,9,0.0003259137376598,
2416,9,606,3010.3374256089227856,
2029,772,9,0.0024891215461188,
2029,9,772,396.3358231278439234,
2800,28,2533,1.5738485771223596,
2800,2533,28,0.5991039861779588,
1626,10,12,0.9982006075375514,
1626,12,10,1.0007966761024172,
3142,1966,340,0.8347588533216048,
3142,340,1966,1.1390308832462785,
24,2502,9,0.0083152948243470,
24,9,2502,109.7984962029312470,
1428,12761,9,0.0004856226476421,
1428,9,12761,2025.1749024334335445,
990,1032,9,0.0000032101711269,
990,9,1032,239731.9103472693241201,
2546,9,15,3030.4617590292273235,
2546,15,9,0.0003275230242552,
2549,312,13902,0.0000457766261005,
2549,13902,312,21660.5451553472739761,
1757,4072,9,0.0001346013476401,
1757,9,4072,7274.1642170948489365,
1977,460,9,0.0248903319736563,
1977,9,460,37.2790254748974732,
15,28,9,13.0908957437910765,
15,9,28,0.0758825630999784,
396,9,137,35.4734042816391337,
396,137,9,0.0276151364476917,
85,12,49,0.9991535791691587,
85,49,12,1.0006465753167333,
3110,1966,3075,250.0692898898263081,
3110,3075,1966,0.0033472482771695,
257,9,4157,606.3288227498073866,
257,4157,9,0.0012902088520461,
2357,402,9,0.0002919904237965,
2357,9,402,3372.7782775673153992,
906,297,9,0.0000283884071920,
906,9,297,33476.8854792664278648,
2694,12,527,2.5954215576416888,
2694,527,12,0.3549939879507686,
1166,4852,9,0.0003128636485692,
1166,9,4852,2908.8860940848699101,
282,22,15,0.9965124188071138,
282,15,22,0.9945603417270884,
1765,12238,9,0.0015668260000248,
1765,9,12238,624.7943142048193295,
2384,9,389,1373.0070149578184555,
2384,389,9,0.0007168491766618,
2322,518,9,6.1447061316156457,
2322,9,518,0.1592449485883658,
2555,312,12,0.0000265513755446,
2555,12,312,37186.4651548747933703,
1673,13512,9,0.0001016593772251,
1673,9,13512,9741.4405342395093612,
2817,9,2305,12187.2550359807992209,
2817,2305,9,0.0000724379868633,
1605,36,1042,0.0535238014004533,
1605,1042,36,17.3819985937469497,
86,9,2951,763.4720186555251757,
86,2951,9,0.0012086083842615,
1005,9,317,26.5163031651995915,
1005,317,9,0.0371314364338839,
2639,54,9,0.0000000002647705,
2639,9,54,3751234335.3253064155578613,
2654,49,15,0.9949545307131235,
2654,15,49,0.9955959470595434,
2686,262,9,0.0001691522604917,
2686,9,262,5713.2393233352058814,
2929,22,12,0.9998923975186144,
2929,22,15,0.9996868877995436,
2929,12,22,1.0000711181680499,
2929,12,15,0.9997680130000000,
2929,15,22,1.0000930692045915,
2929,15,12,0.9999954752615561,
1182,930,9,0.0000099387354722,
1182,9,930,84671.9299460524925962,
1840,2462,9,0.0007396703696419,
1840,9,2462,1328.3403111045013247,
2068,4072,879,0.2594379379006407,
2068,879,4072,3.6007999256563981,
1814,1178,9,0.0004905456177799,
1814,9,1178,1996.8256163482619741,
2070,518,9,5.8603015574472757,
2070,9,518,0.1513258303455949,
560,718,9,0.0015982106777196,
560,9,718,605.7864577818425005,
3021,1966,3775,26.6725493150361004,
3021,3775,1966,0.0323252812503869,
1071,3425,9,0.0001177224430318,
1071,9,3425,8289.0251770723007212,
1140,192,15,1.0347898952059571,
1140,15,192,0.9584193135191663,
2808,9,2379,217.8470913503793724,
2808,2379,9,0.0041763221191066,
2697,9,561,19477.1833490672543121,
2697,561,9,0.0000502436766209,
298,19,49,0.9992234572371533,
298,49,19,0.9997487448900730,
455,12,12761,0.6707959629569185,
455,12761,12,1.4841607986348742,
3163,1966,198,1.0518877662782833,
3163,198,1966,0.9368308933053510,
1714,770,19,3.1957517570397793,
1714,19,770,0.3107707646642707,
1016,3232,9,0.0000615015919521,
1016,9,3232,16075.7887103692937671,
2420,2108,9,0.0295851010675483,
2420,9,2108,31.2405706041253701,
2671,9,317,26.5803601062271895,
2671,317,9,0.0371772090212326,
2754,644,9,0.0087762326424144,
2754,9,644,106.1965612023863059,
2819,22,326,2.0795871074977641,
2819,326,22,0.4278115835703849,
2751,930,9,0.0000107076072072,
2751,9,930,90628.7403194227517815,
1886,776,9,0.0001079957540295,
1886,9,776,8896.2751617688645638,
1598,12205,1285,0.0000562490339412,
1598,1285,12205,15937.3465741990930837,
1819,782,9,0.0000208709326621,
1819,9,782,46625.9284112776367692,
2005,15622,9,1.0670511198911887,
2005,9,15622,0.9362115677231375,
3166,1966,772,0.2699713679940745,
3166,772,1966,3.0184467070921062,
966,232,9,0.0561360390413354,
966,9,232,17.5348220670177177,
1994,1704,9,0.0048927927567216,
1994,9,1704,199.8289906295334504,
3061,1966,13218,4.4331704700647574,
3061,13218,1966,0.2145500750051569,
409,3232,9,0.0000588206828537,
409,9,3232,14827.7183280197823478,
1829,326,9,0.0001385187244828,
1829,9,326,6343.6919763869318558,
909,92,9,0.5991253185422061,
909,9,92,1.6535249963732559,
766,22,15,0.9719670912189814,
766,15,22,0.9736354323766896,
2687,430,9,0.0001608330772744,
2687,9,430,6117.1870604983041630,
2829,9,2775,196.4017347685529842,
2829,2775,9,0.0043198707628589,
310,19,15,0.9993053508690746,
310,15,19,0.9996934744135756,
3957,22,12,0.9998868274329402,
3957,22,15,0.9997054660194399,
3957,22,1486,0.9988385826906793,
3957,12,22,0.9993093255052611,
3957,12,15,0.9994167834000000,
3957,12,1486,0.9985501454760538,
3957,15,22,0.9994905442510934,
3957,15,12,0.9997793637442856,
3957,15,1486,0.9987312293478661,
3957,1486,22,1.0003576159928147,
3957,1486,12,1.0006466809349004,
3957,1486,15,1.0004651844203107,
1170,9,315,1.0257453073153668,
1170,315,9,0.9282944313479256,
1424,710,9,0.0000019424524474,
1424,9,710,471253.6430858702515252,
2397,30,9,0.0009098714385659,
2397,9,30,1089.9836106054931406,
2069,1524,9,0.0422884820689171,
2069,9,1524,23.1611132910996176,
1828,888,9,0.0001527629521093,
1828,9,888,6489.9392555818367327,
868,722,9,0.0001150885471407,
868,9,722,7247.7852906701546090,
2695,578,9,0.0000587265039501,
2695,9,578,16748.2471903804689646,
2846,28,280,247043.4454378624504898,
2846,280,28,0.0000031181964276,
299,1486,19,1.0005593725317423,
299,19,1486,0.9984088920151367,
1767,2740,9,0.0075847247032523,
1767,9,2740,126.2558693578030784,
1838,19,12,0.9993462479269586,
1838,12,19,0.9996535973354472,
647,776,9,0.0001093749643627,
647,9,776,9017.0457307752785709,
1272,626,12,4.1265719507657073,
1272,12,626,0.2371080688714758,
2799,2430,9,0.0000637432490870,
2799,9,2430,14374.9636778836174926,
1830,4648,9,0.0003027252279029,
1830,9,4648,3127.3127883470560846,
3094,1966,839,47.1205710481667808,
3094,839,1966,0.0204298730520188,
1274,9,13273,38.5777704840884184,
1274,13273,9,0.0257475425752436,
764,22,4072,2.3536822242102335,
764,4072,22,0.4101596185169078,
291,8760,9,0.0000067630653174,
291,9,8760,139719.2192819179326762,
881,28,9,13.0965170139585183,
881,9,28,0.0758846495928089,
1861,198,22,2.1227325231798839,
1861,22,198,0.4670904391098400,
2051,4072,389,0.1656098514534924,
2051,389,4072,4.7353377062051649,
2678,10,9,0.0003259374946450,
2678,9,10,3025.5431876411166741,
1931,28,9,13.0555221195839053,
1931,9,28,0.0745895967558419,
21,718,9,0.0016258288267330,
21,9,718,604.7552424342117092,
734,12302,9,0.0000013598742259,
734,9,12302,726027.0389340895926580,
56,6820,19,1.0009821671399239,
56,19,6820,0.9980100773812391,
136,3986,9,0.0006953975164770,
136,9,3986,1176.9955906182099170,
762,4072,15,0.4146703120867601,
762,15,4072,2.3740197808239181,
3216,1512,3414,13.4574219599630975,
3216,3414,1512,0.0731412644413906,
36,92,9,0.5995015974409724,
36,9,92,1.6535385098742523,
2348,1614,9,0.0043636834329594,
2348,9,1614,218.1388031723300571,
2839,2782,9,0.1204485036817753,
2839,9,2782,6.6450013418215406,
2054,460,9,0.0258882000144799,
2054,9,460,38.3854006225664293,
186,4020,9,0.0008110243666393,
186,9,4020,1226.2740919003340423,
3048,1512,1966,10.7034805462959017,
3048,1966,1512,0.0914381957412154,
1693,12580,9,0.0001225295182793,
1693,9,12580,7639.6239765654572693,
1915,1178,12,1.4995413974487743,
1915,12,1178,0.6511349291523197,
144,96,9,0.0018759629294201,
144,9,96,406.1772092836329762,
463,340,12,2.5582634671370919,
463,12,340,0.3844313842628664,
1618,297,9,0.0000055094546580,
1618,9,297,6518.8024173141584470,
332,12580,9,0.0000993339875660,
332,9,12580,6140.2528950539644939,
1686,7392,9,0.0000035713858339,
1686,9,7392,277971.9943286870839074,
621,76,9,0.0045650000598906,
621,9,76,217.5384779718315542,
3165,1966,426,10.1170456992599949,
3165,426,1966,0.0966163730861816,
3128,1966,106,4.7973471854474434,
3128,106,1966,0.2070304120254957,
888,9,213,128840.5566508270421764,
888,213,9,0.0000075571422195,
958,504,9,0.0001167876261051,
958,9,504,7711.5510319000322852,
2755,9,1307,15.6072541058774483,
2755,1307,9,0.0609829073280233,
1992,4004,9,0.0000853121375530,
1992,9,4004,10947.0717993155813019,
438,9,12205,1258.0802508475917421,
438,12205,9,0.0007760913855310,
1989,68,9,0.0000384354419646,
1989,9,68,25843.9679347852616047,
76,718,9,0.0016184170598798,
76,9,718,604.6144370977825702,
210,2672,9,0.0000015614419246,
210,9,2672,571494.8091597678139806,
26,76,9,0.0045349520226236,
26,9,76,218.4562090091086475,
450,1286,9,0.0000123225436276,
450,9,1286,78325.9194022593001137,
2564,1764,1856,1.7778885620792686,
2564,1856,1764,0.4431824575304176,
2801,426,12,0.2111229839768529,
2801,12,426,4.3508192349018220,
2026,718,9,0.0016246434949362,
2026,9,718,597.7670239510352985,
1847,36,76,0.6693758555901779,
1847,76,36,1.4646963746041382,
241,56,9,0.6473130455628414,
241,9,56,1.5345563096010186,
2049,9,389,1259.2677834042578979,
2049,389,9,0.0006622233951571,
1594,9,12205,1248.2535974746360807,
1594,12205,9,0.0007832185617146,
2532,12,9,0.0003275537422877,
2532,9,12,3030.1241886804723435,
2531,28,9,13.0744442684885431,
2531,9,28,0.0757569199447500,
442,11242,9,0.0243521110481529,
442,9,11242,38.5584138465813098,
171,28,345,4481.1840743751790797,
171,345,28,0.0002216093569624,
3091,1966,15,2.2391779550845259,
3091,15,1966,0.4373493679046741,
912,12226,9,0.0013552884602386,
912,9,12226,731.7785915689114518,
820,9,15,3026.0954595050748139,
820,15,9,0.0003283739362244,
2453,1236,9,0.0000053693385413,
2453,9,1236,177184.1088789497152902,
386,688,9,0.0003472082291510,
386,9,688,2852.5760950621579468,
588,12226,9,0.0013359618078249,
588,9,12226,732.1866254906336735,
3956,22,12,0.9996576278482718,
3956,22,15,0.9992932594777909,
3956,12,22,0.9997423705792954,
3956,12,15,0.9993356144000000,
3956,15,22,1.0001068976101066,
3956,15,12,1.0000645098766754,
48,450,9,0.0107365920517554,
48,9,450,91.6815121573788758,
828,1524,9,0.0426509664046095,
828,9,1524,23.2587948610968169,
20,480,9,0.0001704282849059,
20,9,480,5840.6811504488468927,
2037,9,1579,400.4583687423494780,
2037,1579,9,0.0024144832644694,
1884,9,839,63429.1362828550554696,
1884,839,9,0.0000150419339334,
2988,1522,1966,4.4949030748129744,
2988,1966,1522,0.1934746979835811,
3148,36,1966,4.1060473619183799,
3148,1966,36,0.2389366214324064,
1531,12048,9,0.0003208386943882,
1531,9,12048,3011.3586271212179781,
1325,9,137,31.9015080720610129,
1325,137,9,0.0252540579160210,
2649,142,9,0.0015719748901310,
2649,9,142,630.6020970452856318,
1784,9,2951,778.0747712499550062,
1784,2951,9,0.0012082265534441,
2961,1966,480,4.0577524602059496,
2961,480,1966,0.2136999384715826,
2784,272,430,0.4080891704601816,
2784,430,272,2.2911817628360240,
2705,710,9,0.0000019901447673,
2705,9,710,491559.7428203384624794,
6,22,12,0.9968632413964934,
6,12,22,0.9969263803533790,
2720,76,104,0.3339899751573954,
2720,104,76,2.4439647288806587,
2814,28,1114,580298.2207440414931625,
2814,1114,28,0.0000015181185958,
161,9,2775,206.3708024415948046,
161,2775,9,0.0045157756459613,
178,9,1045,9961.6776615111994033,
178,1045,9,0.0000974852129533,
2936,1966,2102,1.1083780404477714,
2936,2102,1966,0.8613456590688991,
3182,718,1966,2.1804440805209486,
3182,1966,718,0.4481207107848258,
1059,342,9,0.0002199907857180,
1059,9,342,3379.8304988524701002,
2541,54,9,0.0000000002601476,
2541,9,54,3694635167.1863117218017578,
224,1704,9,0.0048341937437343,
224,9,1704,201.9850924962104841,
1726,9,12401,31851898.7045379802584648,
1726,12401,9,0.0000000308053859,
1061,49,9,0.0003240421898360,
1061,9,49,2999.2978999073479827,
2797,2204,9,0.1483707388700936,
2797,9,2204,6.2086493236701097,
1857,198,9,0.0006798906835527,
1857,9,198,1376.1626176327972644,
2290,4072,9,0.0001237191243634,
2290,9,4072,6247.4295316196330532,
1621,15,12233,0.1986633765467304,
1621,12233,15,4.9409200057796783,
758,12,15,0.9953182162000000,
758,15,12,0.9932682919267393,
567,28,387,39809.1736781348809018,
567,387,28,0.0000249613798536,
513,28,9,13.1084627452234503,
513,9,28,0.0761270698206874,
669,9,2775,209.4464698528736619,
669,2775,9,0.0045418222827666,
1267,2102,9,0.0006419681162798,
1267,9,2102,1504.4108674192843864,
2677,56,387,1961.0703721969093749,
2677,387,56,0.0005049364090258,
2823,19,9,0.0003056829047430,
2823,9,19,2880.3526996111972949,
2830,3414,9,0.0005580017663774,
2830,9,3414,1389.3964666877616310,
235,9,59,7941.3848957821537624,
235,59,9,0.0001250752275258,
841,76,9,0.0045485480038786,
841,9,76,217.9771600349203311,
1353,280,9,0.0000406379372499,
1353,9,280,19147.2838323177275015,
110,28,12,39470.0769549621327315,
110,12,28,0.0000245045980000,
2670,9,315,1.0556355227177188,
2670,315,9,0.9362490254623511,
721,13218,9,0.0001547405450038,
721,9,13218,5905.9178856422686295,
275,7004,9,0.0010662544708049,
275,9,7004,920.7679795739458086,
1888,9,1285,0.0758188010886391,
1888,1285,9,12.9671093345434780,
2994,518,1966,8374.8956507409384358,
2994,1966,518,0.0001184934234382,
3051,1966,8702,1.5827069378257803,
3051,8702,1966,0.6190575520552939,
1759,12198,9,0.0000012874586857,
1759,9,12198,769476.1431008820654824,
1407,12284,28,0.0006280579180194,
1407,28,12284,1559.4960985732363952,
2426,1764,9,0.4327961024939680,
2426,9,1764,2.2282666959272897,
2701,642,9,0.0001258739702912,
2701,9,642,7785.6295518691831603,
2644,82,12,7.7123069127234070,
2644,12,82,0.1286750989654279,
538,12048,12,1.0004075548844649,
538,12,12048,0.9983623742372135,
2044,22,9,0.0003283573315411,
2044,9,22,3042.0737538108396620,
3017,1966,988,29.1615863604464849,
3017,988,1966,0.0224152688796635,
478,12,2393,0.9192815600000001,
478,2393,12,1.0634539341279798,
2046,76,9,0.0045578750324747,
2046,9,76,218.0491897579848057,
1,12,9,0.0003279029489483,
1,9,12,3031.1189637505417522,
1454,13074,9,0.0006639458820414,
1454,9,13074,1313.2675016412160858,
335,4852,15,0.9988584134267515,
335,15,4852,1.0001348346592454,
1961,28,9,13.1289403725374356,
1961,9,28,0.0760902991644280,
676,2566,9,0.1139477142955910,
676,9,2566,8.6388778934576873,
3010,1966,317,0.0196175478992495,
3010,317,1966,50.3277836198687609,
3071,1966,2108,0.0240379670758447,
3071,2108,1966,41.1386962483735914,
2662,9,203,3519.5326233967202825,
2662,203,9,0.0002804769180284,
1990,198,9,0.0006992734221515,
1990,9,198,1419.9210346836466670,
1880,1492,9,0.0000075652873784,
1880,9,1492,119625.2588232332054758,
1883,336,9,0.0004419045829692,
1883,9,336,2061.5049130675497508,
3180,1285,1966,17613.3394223961404350,
3180,1966,1285,0.0000561264890900,
218,2566,9,0.1097895608915064,
218,9,2566,8.3773891037690174,
1035,5310,9,0.0003724485249322,
1035,9,5310,2415.1148661571833145,
1446,12670,9,0.0002962015883454,
1446,9,12670,3321.2104433912054446,
2719,780,9,0.0397221893980456,
2719,9,780,24.5014712401440242,
2061,12,9,0.0003279673221605,
2061,9,12,3030.7897224392540920,
3169,1966,7598,0.0467360662455208,
3169,7598,1966,20.9307390535074305,
1578,12670,12,0.8803055431812489,
1578,12,12670,1.0846930552570795,
2048,1042,9,0.0542098487577229,
2048,9,1042,18.1117603781576690,
3096,1966,1116,157.9150025043309427,
3096,1116,1966,0.0061988076373928,
3168,1966,2166,3.6434501711652461,
3168,2166,1966,0.2625137098378634,
134,336,9,0.0004585272820467,
134,9,336,2151.8253691534387144,
2674,30,297,31.0720172014267249,
2674,297,30,0.0317304538532168,
135,22,387,0.9999812811804238,
135,387,22,0.9998177262365541,
271,12198,9,0.0000012829294031,
271,9,12198,761318.7768329314421862,
1247,7004,9,0.0010555496898012,
1247,9,7004,918.8611676849175183,
742,12,9,0.0003273986285315,
742,9,12,3027.0080110333283301,
3161,1966,930,63.9045229103997130,
3161,930,1966,0.0142571672699733,
3085,1966,12670,2.3668021977766696,
3085,12670,1966,0.3857398502097003,
153,9,15,3026.1062052455422418,
153,15,9,0.0003284309515009,
292,9,613,47147.0308283714184654,
292,613,9,0.0000208142814030,
2355,500,9,0.0000225759776778,
2355,9,500,36562.8711880677437875,
382,614,9,0.0000584945868742,
382,9,614,16789.0918710832338547,
2747,1168,9,0.0419117916285296,
2747,9,1168,22.9397570052125559,
2807,426,15,0.2154238524222386,
2807,15,426,4.2484037393435425,
1949,54,9,0.0000000002614899,
1949,9,54,3719653459.4114403724670410,
2050,9,15,3029.4072534148358500,
2050,15,9,0.0003281127539906,
1665,2672,9,0.0000016187264116,
1665,9,2672,603372.8919304024893790,
3038,1966,578,12.2395375293120026,
3038,578,1966,0.0796819235438395,
19,3022,9,0.9191136506514764,
19,9,3022,0.9347333172598559,
1168,9,7195,217.7223996805820150,
1168,7195,9,0.0045606864608211,
2487,1490,9,0.0000022136485200,
2487,9,1490,388801.9110471313470043,
2849,9,759,18358.6962828241739771,
2849,759,9,0.0000416197496811,
3181,1966,527,6.0397907986534749,
3181,527,1966,0.1637765501380677,
751,22,9,0.0003266429056952,
751,9,22,3021.9783954098493268,
821,9,389,1372.2566989787410421,
821,389,9,0.0007211172002723,
417,9,513,508.4385998238057596,
417,513,9,0.0015508070973917,
1824,6876,15,0.9993131542843050,
1824,15,6876,0.9996560599461383,
3114,1524,1966,57.2886682357466910,
3114,1966,1524,0.0171647941589729,
1163,19,9,0.0003277689358109,
1163,9,19,3022.0882355841213212,
262,9,2393,2667.0739148512952852,
262,2393,9,0.0003455518302337,
2371,104,9,0.0125478119047469,
2371,9,104,78.7162450806630858,
2848,345,9,0.0026804591870450,
2848,9,345,288.2983838674105073,
2753,1178,9,0.0004839491718516,
2753,9,1178,1988.8318546398998024,
613,665,9,0.0001307561274549,
613,9,665,7481.0267337652503556,
212,1542,9,0.0002915804826915,
212,9,1542,3249.8983855102110283,
1754,12224,297,23.6196893986125396,
1754,297,12224,0.0376080991465035,
2533,770,9,0.0010517777910656,
2533,9,770,941.6426528282368054,
130,12,15,0.9998813264000000,
130,15,12,0.9999186423184359,
3036,1216,1966,50.3694629878854627,
3036,1966,1216,0.0195780019857535,
3124,430,1966,0.2189989762145957,
3124,1966,430,4.5093088319830086,
1038,3414,9,0.0005841319946214,
1038,9,3414,1676.7801669092152679,
2730,106,12,0.4584020884626834,
2730,12,106,2.1239516263305331,
1771,976,9,0.0136436170839793,
1771,9,976,71.0797586283186291,
2729,826,9,0.0001379410127093,
2729,9,826,7034.2948203901523812,
3070,1966,3238,0.1180084163839471,
3070,3238,1966,8.3037585061904835,
3123,1966,1144,3.1462134374207587,
3123,1144,1966,0.3113112060429386,
1787,988,9,0.0000200753369550,
1787,9,988,48011.1211781026868266,
883,9,1579,367.9910650800043186,
883,1579,9,0.0022633631768381,
470,4532,9,0.0001465327288025,
470,9,4532,5369.1617482432475299,
744,9,15,3029.5079040146379157,
744,15,9,0.0003273877427193,
3074,1492,1966,0.0082983682958392,
3074,1966,1492,115.5689243284361396,
3119,1364,1966,1.9863476270646454,
3119,1966,1364,0.3991387604414581,
32,68,9,0.0000384329408471,
32,9,68,25619.4699705987950438,
830,2970,9,0.0012122288045306,
830,9,2970,804.6582290584093471,
1610,9,759,21386.5006970830036153,
1610,759,9,0.0000454986279882,
1941,12,49,0.9987613143312324,
1941,49,12,1.0002352932342464,
293,1704,9,0.0048966495679546,
293,9,1704,200.1024957091149190,
2388,9,1515,14.1078457005642210,
2388,1515,9,0.0669049687975682,
706,1032,9,0.0000034652099732,
706,9,1032,246263.8005633997090627,
499,68,12,0.1158260666049255,
499,12,68,8.4591363331719993,
1575,160,9,0.0021242309115600,
1575,9,160,457.9180036518047245,
1894,968,9,0.0002744639872109,
1894,9,968,3526.8968618136564146,
2947,1542,1966,0.3692336529802012,
2947,1966,1542,2.2941444317438839,
95,2102,9,0.0006295474364597,
95,9,2102,1474.3709336036545210,
1684,1490,9,0.0000022045910214,
1684,9,1490,379915.2580005437484942,
1927,768,9,0.0007654963010077,
1927,9,768,1283.9651535876471371,
108,776,9,0.0001093356674157,
108,9,776,8908.3022404825514968,
1394,9,1799,1721.9765489940446059,
1394,1799,9,0.0005722207848857,
2456,15,801,1.9448284937904632,
2456,801,15,0.5016976782062055,
2743,1042,9,0.0538065828067257,
2743,9,1042,17.9536817157082282,
637,7598,9,0.0155607659887721,
637,9,7598,63.5225481810818593,
3135,768,1966,1.0569698802426353,
3135,1966,768,0.9265800195755803,
456,2462,9,0.0007223761685049,
456,9,2462,1272.2635209309721631,
1343,12246,9,0.0007791625064549,
1343,9,12246,1268.1722508935220048,
2741,1114,9,0.0000211750247155,
2741,9,1114,45544.3176809396027238,
1688,28,7392,3645737.4131052209995687,
1688,7392,28,0.0000002722041277,
2013,450,9,0.0107978842639936,
2013,9,450,92.0474688460593313,
681,854,9,0.0457256547458601,
681,9,854,19.0396347124648884,
727,22,19,0.9996383705863106,
727,19,22,0.9993612123993957,
662,1524,9,0.0423062381814213,
662,9,1524,23.3663311541867174,
2372,480,9,0.0001543422336880,
2372,9,480,5459.2680765647419321,
2632,16,9,0.0071671415080662,
2632,9,16,138.6656848467540328,
2707,772,9,0.0024852175682544,
2707,9,772,395.0389935777463961,
384,387,9,0.0003273850543793,
384,9,387,3034.7148561748963402,
392,15,12233,0.2020879049070172,
392,12233,15,4.8960663478721713,
3045,1966,13512,7.2297897566032958,
3045,13512,1966,0.1370269135020588,
1204,13218,9,0.0001524338482313,
1204,9,13218,5733.7710649584205385,
1227,430,9,0.0001582539453797,
1227,9,430,5995.2824553146083417,
2439,9,213,130628.6784705284953816,
2439,213,9,0.0000075745387767,
246,2444,9,0.0000447516411550,
246,9,2444,20379.0338982905450393,
1216,6060,9,0.0000413698949646,
1216,9,6060,23450.7818024861953745,
1066,2332,9,0.0036621659328954,
1066,9,2332,247.9197720081404270,
2657,180,9,0.0003499215089823,
2657,9,180,2831.3456386100760938,
1971,312,9,0.0000000086121900,
1971,9,312,113492124.5334745794534683,
738,9,2415,509.6315169286385185,
738,2415,9,0.0018477144415005,
3011,4004,1966,0.1019521460233048,
3011,1966,4004,6.8421023910365877,
2445,1064,9,0.0014197810002177,
2445,9,1064,670.7967192229440343,
3959,15,28,0.0000250174470762,
3959,15,9,0.0003284458493016,
3959,28,15,39921.5926026305314736,
3959,28,9,13.1203599542850142,
3959,9,15,3040.8356550256239643,
3959,9,28,0.0761219775686199,
273,1916,9,0.0000004684966503,
273,9,1916,1844054.0985230356454849,
126,782,9,0.0000210548120413,
126,9,782,45199.5583204151116661,
1287,9,561,19295.1895113410719205,
1287,561,9,0.0000499371320732,
2074,5496,9,0.0005999916481351,
2074,9,5496,1638.6042450355953406,
3066,76,1966,6.1263394353539349,
3066,1966,76,0.1615850660983766,
57,68,12,0.1131799806513353,
57,12,68,8.0455573053380007,
2667,280,9,0.0000455318132336,
2667,9,280,21710.7566960287331312,
239,12670,9,0.0002963520390539,
239,9,12670,3328.9071504654079945,
1733,6820,12,1.0010076229669072,
1733,12,6820,0.9979908476120970,
1896,3986,9,0.0007685724125910,
1896,9,3986,1292.5413523383954271,
156,888,9,0.0001513393865754,
156,9,888,6460.6934138757424080,
974,2430,9,0.0000657774778877,
974,9,2430,14818.2520298608487792,
3220,3414,768,0.7182788866082395,
3220,768,3414,1.2635401310774492,
2560,198,9,0.0006561990024227,
2560,9,198,1334.3946016034642525,
1981,9,15,2974.1084470795599373,
1981,15,9,0.0003232354191392,
2995,1966,4532,4.4971283405620248,
2995,4532,1966,0.2192239513529287,
3102,776,1966,0.1486152210557717,
3102,1966,776,6.6788051359663054,
158,2740,9,0.0072663924178352,
158,9,2740,120.1305908521636070,
314,9,1285,0.0733613298328670,
314,1285,9,12.9768114031470674,
1850,1490,9,0.0000021695161381,
1850,9,1490,380277.8240971534978598,
2447,12,3075,101.7157133819292767,
2447,3075,12,0.0072972753820234,
1929,9,389,1358.4803585683255278,
1929,389,9,0.0007206560147698,
1760,28,1285,1.0003634117178160,
1760,1285,28,0.9986345185777068,
1779,626,12,4.0830185063027926,
1779,12,626,0.2242252388183318,
28,518,36,1909.6875600538514846,
28,518,770,5543.1453180373891882,
28,518,1042,107.9613104106496309,
28,518,92,9.6191873021107135,
28,518,1704,1190.6700437413317104,
28,518,1524,138.7976295036109207,
28,518,9,5.8627767551353891,
28,36,518,0.0004759908365955,
28,36,770,2.7668056307316129,
28,36,1042,0.0538878099719582,
28,36,92,0.0048013212830518,
28,36,1704,0.5943110621053271,
28,36,1524,0.0692794507106228,
28,36,9,0.0029263464706666,
28,770,518,0.0001639485614452,
28,770,36,0.3283172670617701,
28,770,1042,0.0185609222806229,
28,770,92,0.0016537497297700,
28,770,1704,0.2047023517933210,
28,770,1524,0.0238623633239736,
28,770,9,0.0010079401897476,
28,1042,518,0.0084170676248755,
28,1042,36,16.8557053194767654,
28,1042,770,48.9261311527006058,
28,1042,92,0.0849029914467573,
28,1042,1704,10.5093544147433491,
28,1042,1524,1.2250862344669653,
28,1042,9,0.0517473326032734,
28,92,518,0.0945090056395773,
28,92,36,189.2602055838953845,
28,92,770,549.3552162237365337,
28,92,1042,10.6995407158907749,
28,92,1704,118.0017412140002477,
28,92,1524,13.7555841300395674,
28,92,9,0.5810323935597702,
28,1704,518,0.0007637656820686,
28,1704,36,1.5294886347391354,
28,1704,770,4.4395627546563476,
28,1704,1042,0.0864673367092448,
28,1704,92,0.0077041071857799,
28,1704,1524,0.1111644654838301,
28,1704,9,0.0046955588979904,
28,1524,518,0.0065523626994081,
28,1524,36,13.1215168666520015,
28,1524,770,38.0871071825380838,
28,1524,1042,0.7418051963742406,
28,1524,92,0.0660937061477068,
28,1524,1704,8.1811273154696540,
28,1524,9,0.0402833037650175,
28,9,518,0.1549961964655254,
28,9,36,310.3895952482944267,
28,9,770,900.9508506300297768,
28,9,1042,17.5474083519149389,
28,9,92,1.5634471919770392,
28,9,1704,193.5246375803586147,
28,9,1524,22.5593657015986757,
2948,1966,13852,1.6082528158015867,
2948,13852,1966,0.6010274016246241,
3014,1966,2775,0.1507219048333904,
3014,2775,1966,6.0121202711346404,
3,22,9,0.0003279936100668,
3,9,22,3028.1594722749746325,
1252,9,2305,12917.3921497346855176,
1252,2305,9,0.0000746234416470,
1683,7392,12,0.0108729333698964,
1683,12,7392,91.3416657516179953,
38,12,1625,1.5775604017264444,
38,1625,12,0.6193691509189382,
3009,1579,1966,3.1560923705316339,
3009,1966,1579,0.2811693344374278,
131,426,9,0.0000727445331672,
131,9,426,13548.2111643406078656,
1046,3238,9,0.0059607297792323,
1046,9,3238,155.4891767410476575,
2728,894,9,0.0001107354906925,
2728,9,894,8776.7286001196844154,
1690,12284,28,0.0006311895072477,
1690,28,12284,1550.3853145302875873,
1620,6876,12,0.9995851267034094,
1620,12,6876,0.9994148021317101,
114,28,22,39252.9412072823615745,
114,22,28,0.0000245538489311,
1255,340,9,0.0008220753681220,
1255,9,340,1115.1299990736654308,
88,387,12,0.9994663635228629,
88,12,387,1.0002671093435374,
501,12246,9,0.0007715714141944,
501,9,12246,1268.5386665218236431,
2031,1144,9,0.0002336550293457,
2031,9,1144,4239.5738627427999745,
1147,665,9,0.0001251952196209,
1147,9,665,7301.1702859743154477,
2539,9,1515,13.6875582486024694,
2539,1515,9,0.0659935542581899,
2547,312,15,0.0000249602389152,
2547,15,312,35283.9283531198016135,
1762,668,9,0.0005333958768377,
1762,9,668,1790.0378655687602532,
1727,92,9,0.6002332064976549,
1727,9,92,1.6311636586700631,
2411,342,9,0.0002497820537207,
2411,9,342,3947.9535485022256580,
782,518,9,5.4212341423692347,
782,9,518,0.1372526732963566,
2759,340,9,0.0008367886111471,
2759,9,340,1149.4246183836360160,
2780,9,473,2.4118486254501152,
2780,473,9,0.3919045687719697,
2931,22,29475,0.9936419137334245,
2931,29475,22,1.0063987701995041,
112,22,9,0.0003286671301969,
112,9,22,3038.6646746634646661,
3002,1966,24020,0.0004812906142477,
3002,24020,1966,1964.1212020534233034,
3170,1966,5310,1.8299605155615020,
3170,5310,1966,0.5329899083231529,
2930,15,29474,0.9918745700748589,
2930,29474,15,1.0079903539999999,
1802,2166,9,0.0001904235289133,
1802,9,2166,4887.0056133229909392,
3175,1966,4354,65.1397372500285456,
3175,4354,1966,0.0144398537690677,
60,9,1625,4143.1285607413765320,
60,1625,9,0.0002286265410053,
82,968,9,0.0002743478583558,
82,9,968,3521.9957178900285726,
1750,76,12,13.8304852095787076,
1750,12,76,0.0703475447002939,
2015,28,12,39769.3489358310107491,
2015,12,28,0.0000249935980000,
846,22,9,0.0003277414249512,
846,9,22,3031.3879002834833045,
1249,668,9,0.0005302313556103,
1249,9,668,1740.2580714722987523,
2556,336,312,51490.2927235801180359,
2556,312,336,0.0000184843193231,
2681,28,345,4426.7376317579837632,
2681,345,28,0.0002223931910404,
2789,1916,9,0.0000004837671711,
2789,9,1916,1914721.1074080371763557,
165,9,12209,1670.2210419853508938,
165,12209,9,0.0005828145856126,
172,2166,9,0.0001902695152236,
172,9,2166,4877.7656674791778642,
843,518,9,6.1840755781276808,
843,9,518,0.1604541859662976,
2768,9,137,35.2880610146446898,
2768,137,9,0.0271373611388909,
1925,68,12,0.1168422089782035,
1925,12,68,8.4897254718220001,
34,768,9,0.0007631656256625,
34,9,768,1261.7784169549290709,
149,846,9,0.0003526227865426,
149,9,846,2759.9083457965170965,
2537,1856,9,0.2180540991807414,
2537,9,1856,4.4830333102408222,
334,12580,15,0.3714280242859370,
334,15,12580,2.5130966746454377,
408,12376,15,0.9969038261183008,
408,15,12376,1.0020520741551231,
400,198,430,4.0958883173627978,
400,198,1542,2.2412644873018044,
400,198,879,1.2977088837999093,
400,430,198,0.2139214028754302,
400,430,1542,0.5124175735568626,
400,430,879,0.2966936036275091,
400,1542,198,0.3907188199395867,
400,1542,430,1.7103661966486432,
400,1542,879,0.5418989083596655,
400,879,198,0.6746855575315295,
400,879,430,2.9534266384900465,
400,879,1542,1.6161110186131487,
2330,9,1579,396.1161519995426374,
2330,1579,9,0.0023650749212939,
743,4072,9,0.0001369371178104,
743,9,4072,7246.7024758501856923,
2020,312,9,0.0000000087503721,
2020,9,312,113537486.4202352017164230,
1967,96,9,0.0020734701994605,
1967,9,96,477.4674704362811894,
1836,5310,9,0.0003714620194322,
1836,9,5310,2401.5379771060843268,
3160,1966,2415,0.3703302397595694,
3160,2415,1966,2.4255770806766170,
1825,9,12209,1696.2865720630163651,
1825,12209,9,0.0005847635781075,
1243,23552,9,0.0005231666028248,
1243,9,23552,1893.6294553489724422,
604,1216,9,0.0362996509081592,
604,9,1216,26.5257087313845652,
2740,9,1195,2209.9365587623587999,
2740,1195,9,0.0004363865363424,
23,4852,12,0.9998293179823756,
23,12,4852,0.9999696874259242,
2672,340,12,2.5457901312636255,
2672,12,340,0.3878268845833757,
3024,1966,2393,1.9820866520496072,
3024,2393,1966,0.4575451656053908,
3147,1966,2332,0.1828352189896891,
3147,2332,1966,4.6303820336506796,
3073,1966,2502,0.0849638896243989,
3073,2502,1966,11.1252567438558057,
2379,4020,9,0.0007446541095768,
2379,9,4020,1107.2925198282839574,
1411,1114,9,0.0000199163408963,
1411,9,1114,41682.3905543206783477,
2529,312,9,0.0000000087527864,
2529,9,312,113462200.8355660587549210,
1373,7598,9,0.0152084643977252,
1373,9,7598,61.7640081263477896,
760,22,12,0.9890587182943626,
760,12,22,0.9905011968910747,
2804,9,1799,1512.4997218641203744,
2804,1799,9,0.0005007069418736,
2833,272,988,3.0131419366399892,
2833,988,272,0.2647919769641769,
2845,36,389,3.6928233934907486,
2845,389,36,0.2058411245792444,
3005,1966,3425,6.1810047877670389,
3005,3425,1966,0.1598259527658396,
3089,1966,1168,0.0173548078976008,
3089,1168,1966,56.3941817484511461,
1895,1490,12,0.0070281706426526,
1895,12,1490,136.8437399933268921,
2535,76,9,0.0045583207058445,
2535,9,76,216.7141558470350162,
2542,13902,9,0.0001894586545736,
2542,9,13902,5241.1762243110915733,
2675,9,355,158.2168276174770085,
2675,355,9,0.0062354396897464,
1823,106,9,0.0001486938891768,
1823,9,106,6238.7256503624457764,
2052,124,22,3.0181362445725450,
2052,22,124,0.3309987158453262,
1257,21506,9,0.0008839121805073,
1257,9,21506,1075.5126122960498378,
954,8480,9,0.0000698858035562,
954,9,8480,13936.1152710233509424,
2530,1764,9,0.4382253660137908,
2530,9,1764,2.2629320126962669,
2811,3238,9,0.0058676247824323,
2811,9,3238,150.7284251265539865,
152,4808,28,0.9989988214327310,
152,28,4808,0.9999434207811732,
1597,9,2415,512.4537329784167241,
1597,2415,9,0.0018738715967948,
272,8750,9,0.0003732237126613,
272,9,8750,2606.7422782425505829,
609,780,9,0.0397939996925708,
609,9,780,24.4523015252281937,
1703,16,9,0.0071694170314388,
1703,9,16,138.6221124429785334,
1236,888,9,0.0001513914218146,
1236,9,888,6486.9703873292064600,
945,9,4157,658.1518237758898522,
945,4157,9,0.0014417439622776,
2554,336,9,0.0004574004471398,
2554,9,336,2146.7019442079404143,
2748,978,9,0.0000000391942870,
2748,9,978,24474420.3370464220643044,
2834,3614,9,0.0000734926008202,
2834,9,3614,11724.1271185725436226,
552,12212,9,0.0005513546604800,
552,9,12212,1786.6258499339403443,
83,124,19,3.0190830516873759,
83,19,124,0.3308702186947752,
2072,22,15,0.9992429806938178,
2072,15,22,0.9997560569700013,
1859,36,12,9.3451921398938183,
1859,12,36,0.1056455413220337,
2953,1966,4157,0.4966377089106250,
2953,4157,1966,1.9303861611018354,
2977,1966,213,94.8493995633747176,
2977,213,1966,0.0102566994926782,
3054,1966,3614,8.8217369150621376,
3054,3614,1966,0.0940363339964905,
850,770,9,0.0010538916829411,
850,9,770,942.6253674359894603,
833,718,9,0.0016330870948204,
833,9,718,603.5912492027888447,
2007,28,15,39856.8702510960574728,
2007,15,28,0.0000249300946813,
786,28,9,13.0748949431233878,
786,9,28,0.0754227182235504,
2658,10,59,2.5797851567778523,
2658,59,10,0.3838785147885409,
67,22,12,0.9999787962520051,
67,22,15,0.9999193100652082,
67,12,22,0.9999211340502863,
67,12,15,0.9998904814000000,
67,15,22,0.9999806143007152,
67,15,12,1.0000094479243029,
519,92,9,0.5998424969998679,
519,9,92,1.6555487043628230,
79,130,9,0.0000250906196896,
79,9,130,39507.6529190252986155,
2378,722,9,0.0001260091184919,
2378,9,722,7752.7177304724600617,
1296,336,9,0.0004339137350739,
1296,9,336,2025.6872308342753968,
715,1032,12,0.0111699584676850,
715,12,1032,86.6554341774860006,
528,12226,9,0.0013553099527105,
528,9,12226,730.2196613424101770,
42,9,133,2941.6704817933541563,
42,133,9,0.0003368839112522,
115,12,15,0.9943656798000000,
115,15,12,0.9990463983214003,
1504,8702,9,0.0004114117703745,
1504,9,8702,1965.9152729167208236,
1639,12761,9,0.0004850764888358,
1639,9,12761,2011.6918791431507998,
1890,665,9,0.0001284943888147,
1890,9,665,7506.9963153509834228,
865,402,12,0.8307727861699349,
865,12,402,0.9988408932981983,
741,4072,12,0.4169810060456916,
741,12,4072,2.3528154280260001,
2448,232,9,0.0563095249500128,
2448,9,232,17.5563011472410224,
2673,334,9,0.0050188435081465,
2673,9,334,196.5244190170832610,
2692,504,9,0.0001211498269620,
2692,9,504,8096.4009214106281433,
1629,30,9,0.0009082348048161,
1629,9,30,1078.6943516284629823,
728,9,315,1.0599746244422414,
728,315,9,0.9369420553845913,
2009,12,8429,0.9252220000000000,
2009,8429,12,1.0796828247826087,
225,116,9,0.0001774607200337,
225,9,116,5563.5141068277926024,
2349,312,9,0.0000000087414470,
2349,9,312,113401973.9069248288869858,
2406,770,9,0.0010443208722327,
2406,9,770,928.6077560623327827,
2565,54,312,0.0283614723522186,
2565,312,54,30.9923987903867513,
2455,9,2579,33959.1329503259476041,
2455,2579,9,0.0000241720592574,
2552,1764,13902,2318.5709381619899432,
2552,13902,1764,0.0004276503279788,
380,606,12,0.9996993952000000,
380,12,606,0.9942980000000000,
1909,9,15,3040.5558720613466903,
1909,15,9,0.0003285486232076,
2989,1966,2204,0.0046573483616914,
2989,2204,1966,206.0736787292929080,
3106,96,1966,2.8075178496128994,
3106,1966,96,0.3432975584621275,
222,1492,9,0.0000078425942249,
222,9,1492,120801.1261548308975762,
2282,9,839,63718.1179163914202945,
2282,839,9,0.0000152032161043,
2775,1856,9,0.2134285111995468,
2775,9,1856,4.4202536626655853,
157,9,2775,214.7412800456068851,
157,2775,9,0.0046246732863472,
243,12,5701,4.6679652024506355,
243,5701,12,0.2096066948364418,
1656,3614,9,0.0000772773711916,
1656,9,3614,12404.0319656639258028,
170,2040,9,0.0005327342123876,
170,9,2040,1751.6404324491500120,
1348,9,1045,9645.7297097666541958,
1348,1045,9,0.0000955731813985,
2395,2244,9,0.0003911436115904,
2395,9,2244,2375.7811953476398230,
1132,28,2533,1.6173349701076125,
1132,2533,28,0.6130749105269653,
802,2108,9,0.0287551675154566,
802,9,2108,30.5509583688317647,
2702,976,9,0.0137302720049098,
2702,9,976,70.6949921340561360,
2067,1524,9,0.0426417913767992,
2067,9,1524,23.2963715729354597,
1912,12,9,0.0003286434190863,
1912,9,12,3039.7563751815773685,
732,28,1285,1.0006990035870864,
732,28,29249,1.0016090017371146,
732,1285,28,0.9988988413903316,
732,1285,29249,1.0007083952034534,
732,29249,28,0.9979914702790786,
732,29249,1285,0.9988909973541585,
3050,665,1966,0.1772164263028372,
3050,1966,665,5.4812599498790009,
1225,976,9,0.0129461255917602,
1225,9,976,69.2332565720175381,
591,1704,9,0.0047992058040251,
591,9,1704,196.9328886501156717,
2816,2332,9,0.0036907711023081,
2816,9,2332,249.8781141431030619,
2818,297,12,0.0832912168740339,
2818,12,297,10.6420345252074817,
1145,262,9,0.0001605418642078,
1145,9,262,5467.7524649566412336,
305,150,9,0.0004056596044990,
305,9,150,2440.8368787369349775,
1440,13074,389,0.9829880103992057,
1440,389,13074,0.9995857355729972,
1110,1758,9,0.0012757021568227,
1110,9,1758,709.2171199535160895,
2438,272,9,0.0000695110169991,
2438,9,272,14227.4132212142067146,
1911,9,879,1951.9900252884469865,
1911,879,9,0.0005069598756292,
1768,6820,22,1.0009068066045024,
1768,22,6820,0.9980837090649035,
437,12,9,0.0003286434703907,
437,9,12,3037.8197820438185772,
1179,644,9,0.0090134969786248,
1179,9,644,108.1352567786971690,
2361,2150,9,0.0129121461219868,
2361,9,2150,66.4426488331500451,
1999,776,9,0.0001013704773481,
1999,9,776,8162.0518442621050781,
1566,15910,9,0.0043877747288288,
1566,9,15910,222.7935929867962273,
2690,548,9,0.0006504036135839,
2690,9,548,1510.0914125396709551,
3013,1966,12212,1.2440062256244093,
3013,12212,1966,0.7302663063015254,
3131,1966,9154,0.5528384844669274,
3131,9154,1966,1.7500410106638835,
1032,1168,9,0.0418616792707129,
1032,9,1168,23.0277375519787810,
2536,22,9,0.0003275078444612,
2536,9,22,3031.4065011854768272,
413,297,12,0.0876407505205703,
413,12,297,11.1003485443332313,
219,9,12313,4749.0574729974414367,
219,12313,9,0.0002049762753869,